[Obs-parameter] 
 Site_name   = MYGI
 Campaign    = 1204.meiyo_m4
 Date(UTC)   = 2012-04-22
 Date(jday)  = 2012-113
 Ref.Frame   = ITRF2008
 SoundSpeed  = ./obsdata/MYGI/MYGI.1204.meiyo_m4-svp.csv

[Data-file]
 datacsv     = ./obsdata/MYGI/MYGI.1204.meiyo_m4-obs.csv
 N_shot      = 10159
 used_shot   =     0

[Site-parameter]
 Latitude0   =  38.08333333
 Longitude0  = 142.91666667
 Height0     =  30.00
 Stations    = M01 M03 M04 M05 M12 M13 M14 M15
# Array_cent :   'cntpos_E'  'cntpos_N'  'cntpos_U'
 Center_ENU  =      0.0020    -43.2108  -1669.6169

[Model-parameter]
# MT_Pos     :   'stapos_E'  'stapos_N'  'stapos_U'   'sigma_E'   'sigma_N'   'sigma_U'   'cov_NU'    'cov_UE'    'cov_EN'
 M01_dPos    =     49.4000    854.0000  -1659.3500      3.0000      3.0000      3.0000   0.000e+00   0.000e+00   0.000e+00
 M03_dPos    =     16.6000   -791.7000  -1673.7000      3.0000      3.0000      3.0000   0.000e+00   0.000e+00   0.000e+00
 M04_dPos    =   -814.2000     -1.5500  -1666.7000      3.0000      3.0000      3.0000   0.000e+00   0.000e+00   0.000e+00
 M05_dPos    =    855.2000    -34.1000  -1677.8000      3.0000      3.0000      3.0000   0.000e+00   0.000e+00   0.000e+00
 M12_dPos    =    788.4450   -199.4320  -1676.4730      3.0000      3.0000      3.0000   0.000e+00   0.000e+00   0.000e+00
 M13_dPos    =    -31.3630   -932.5930  -1675.3620      3.0000      3.0000      3.0000   0.000e+00   0.000e+00   0.000e+00
 M14_dPos    =   -859.9130   -138.4490  -1668.1390      3.0000      3.0000      3.0000   0.000e+00   0.000e+00   0.000e+00
 M15_dPos    =     -4.1530    898.1380  -1659.4110      3.0000      3.0000      3.0000   0.000e+00   0.000e+00   0.000e+00
 dCentPos    =      0.0000      0.0000      0.0000      0.0000      0.0000      0.0000   0.000e+00   0.000e+00   0.000e+00
# ANT_to_TD  :    'forward' 'rightward'  'downward'   'sigma_F'   'sigma_R'   'sigma_D'   'cov_RD'    'cov_DF'    'cov_FR'
 ATDoffset   =      1.9452     -0.7653     21.3339      0.0000      0.0000      0.0000   0.000e+00   0.000e+00   0.000e+00

